Se abrió la cámara
imgPts = [957, 959, 1099, 1114, 1134, 1160, 815, 800, 780, 754, 957, 959;
  	   979, 1057, 881, 928, 982, 1058, 880, 924, 979, 1054, 878, 927;
  1, 1, 1, 1, 1, 1, 1, 1, 1, 1, 1, 1]
scnPts = [0, 0, 0.4, 0.4, 0.4, 0.4, -0.4, -0.4, -0.4, -0.4, 0, 0;
  0.8, 1.2, 0, 0.4, 0.8, 1.2, 0, 0.4, 0.8, 1.2, 0, 0.4;
  0, 0, 0, 0, 0, 0, 0, 0, 0, 0, 0, 0;
  1, 1, 1, 1, 1, 1, 1, 1, 1, 1, 1, 1]
K = [616.1640014648438, 0, 325.5280151367188;
  0, 616.8200073242188, 228.6600036621094;
  0, 0, 1]
Dummy = [1, 0, 0, 0;
  0, 1, 0, 0;
  0, 0, 1, 0]
H=[0.5803808811835411, -0.2598242943697432, 1.025510784977015;
  0.01386299401170919, -0.1030546714573874, 1.055581864549779;
  0.00716268752845311, -0.2539973142553691, 1]

R= [0.9996387701129885, 0.02010707151712365, -0.01783353475889573;
  0.02387739970980576, -0.3598367780172957, 0.9327096884718359;
  0.01233689872251698, -0.9327985842941318, -0.360186898802238]
T= [1.766323414619572;
  1.818117362309212;
  1.722384045584817]
G= [0.9996387701129885, 0.02010707151712365, -0.01783353475889573, 1.766323414619572;
  0.02387739970980576, -0.3598367780172957, 0.9327096884718359, 1.818117362309212;
  0.01233689872251698, -0.9327985842941318, -0.360186898802238, 1.722384045584817;
  0, 0, 0, 1]
  
  
  
  imgPts = [ 815, 800, 780, 754, 957, 959, 957, 959, 1099, 1114, 1134, 1160;
        880, 924, 979, 1054, 878, 927, 979, 1057, 881, 928, 982, 1058; 
          1, 1, 1, 1, 1, 1, 1, 1, 1, 1, 1, 1];


  scnPts = [-0.4, -0.4, -0.4, -0.4, 0, 0, 0, 0, 0.4, 0.4, 0.4, 0.4;
  0, 0.4, 0.8, 1.2, 0, 0.4, 0.8, 1.2, 0, 0.4, 0.8, 1.2;
  0, 0, 0, 0, 0, 0, 0, 0, 0, 0, 0, 0;
  1, 1, 1, 1, 1, 1, 1, 1, 1, 1, 1, 1];


