<?xml version="1.0"?>
<opencv_storage>
<calibration_Time>"vie 24 feb 2017 18:09:01 CST"</calibration_Time>
<nrOfFrames>48</nrOfFrames>
<image_Width>1920</image_Width>
<image_Height>1080</image_Height>
<board_Width>8</board_Width>
<board_Height>6</board_Height>
<square_Size>28.</square_Size>
<FixAspectRatio>1.</FixAspectRatio>
<!-- flags:  +fix_aspectRatio -->
<flagValue>2</flagValue>
<Camera_Matrix type_id="opencv-matrix">
  <rows>3</rows>
  <cols>3</cols>
  <dt>d</dt>
  <data>
    1.3778232868938944e+03 0. 9.5592644376235717e+02 0.
    1.3778232868938944e+03 5.4595608694470116e+02 0. 0. 1.</data></Camera_Matrix>
<Distortion_Coefficients type_id="opencv-matrix">
  <rows>5</rows>
  <cols>1</cols>
  <dt>d</dt>
  <data>
    1.1206264676810010e-01 -2.2720665925588920e-01
    -2.0819323226358436e-04 -1.2465224523352100e-03
    9.9955823986411022e-02</data></Distortion_Coefficients>
<Avg_Reprojection_Error>3.3831193037694823e-01</Avg_Reprojection_Error>
<Per_View_Reprojection_Errors type_id="opencv-matrix">
  <rows>48</rows>
  <cols>1</cols>
  <dt>f</dt>
  <data>
    1.56824633e-01 1.57515734e-01 1.95480943e-01 3.17915410e-01
    4.74638402e-01 3.42775434e-01 2.22705930e-01 2.83767313e-01
    3.56260628e-01 3.83930653e-01 4.32096183e-01 4.53034282e-01
    4.23979342e-01 4.13045287e-01 8.01473737e-01 2.25808874e-01
    2.68818587e-01 2.66556442e-01 1.68339133e-01 1.47826985e-01
    4.76203293e-01 4.88326877e-01 2.91422635e-01 4.46526170e-01
    4.86402363e-01 3.29191774e-01 4.19085354e-01 3.25927556e-01
    3.43618810e-01 2.90765852e-01 2.90570527e-01 2.94191808e-01
    2.47702017e-01 2.08172172e-01 3.17204237e-01 2.37716466e-01
    2.33886078e-01 2.26561174e-01 1.88427970e-01 1.91148952e-01
    3.01472127e-01 5.54267228e-01 2.41459653e-01 2.99839377e-01
    2.01326504e-01 2.60618389e-01 1.83028504e-01 2.25045979e-01</data></Per_View_Reprojection_Errors>
<!-- a set of 6-tuples (rotation vector + translation vector) for each view -->
<Extrinsic_Parameters type_id="opencv-matrix">
  <rows>48</rows>
  <cols>6</cols>
  <dt>d</dt>
  <data>
    -1.2043203892745646e-01 9.2875911294410127e-02
    1.5321119809655110e+00 5.9144436815069930e+01
    -1.7605086752692256e+02 7.1539511519075177e+02
    -2.9303656029295452e-02 2.9110004271687744e-02
    1.5291615571372541e+00 5.2409229437076981e+01
    -1.6429034029080566e+02 7.0053637337974794e+02
    1.6258608659848905e-01 1.5338511511149222e-01
    -1.2170557162748483e+00 -1.1380431776007462e+02
    9.2042657664887599e+01 6.8210910841414500e+02 7.9547541027106573e-03
    2.4992445848082745e-02 -1.5308551373384942e+00
    -1.1208489762796911e+02 1.2076452221547514e+02
    4.7116528465446351e+02 7.0304170650665340e-02 3.2415578770777144e-02
    -1.5662153544591944e+00 -1.1971981438580593e+02
    5.7810782382106510e+01 5.2623044312560967e+02 3.9174710003765439e-01
    -3.6223912311864268e-02 1.1008585019643469e+00
    5.3903899096296435e+00 -1.4058529316507961e+02
    4.8162526720082695e+02 6.4811728428787430e-01
    -1.7634896588957086e-01 1.0888018786029754e+00
    3.8307886906593168e+01 -1.0395469405016642e+02
    4.1826225279594036e+02 8.0140955091206878e-01
    -2.5616949081361434e-01 1.0683635855757683e+00
    7.5212502993000300e+01 -8.8584239144035450e+01
    3.5209490779277752e+02 8.2672021509563443e-01
    -2.5925251178799406e-02 1.8941215340661860e-01
    1.2154959804110397e+00 -3.3717749632993041e+01
    3.3687509999575417e+02 4.8068103206831619e-01 5.3823400450093130e-02
    5.2204279167710511e-02 -8.2550657907380213e+01
    -4.3162893279081928e+01 3.5228333536945615e+02
    -7.6347036170641536e-01 8.7246060242936782e-02
    1.0120986879466712e-01 -9.6674202405490817e+01
    -4.6852243677740240e+01 3.9947671137920025e+02
    -7.5284627507440127e-01 2.5794390961929665e-02
    2.7457655411849850e-02 -8.7905490827670491e+01
    -7.3002909471757377e+01 3.3072159581779835e+02
    -9.7224707225354468e-01 3.1464598187995529e-01
    4.8300819879537515e-01 -5.3863263834419953e+01
    -7.1651037679165611e+01 3.9268787571895490e+02
    -7.2102271448970434e-01 3.3338006299943312e-01
    8.8201307759786074e-01 7.4557362547579968e+00
    -1.1914091925254907e+02 3.7420640242815250e+02
    -4.9610075416232757e-01 3.0378141702726974e-01
    9.2890051156918041e-01 1.4910912812214351e+01
    -1.3058089554803837e+02 4.1090408747868594e+02
    -2.9703874882677461e-01 2.5886800111198105e-01
    9.2504876903020827e-01 -1.0424840726394131e+00
    -1.6703729156331133e+02 4.4893976760355270e+02
    5.8962615055153746e-02 -4.5614516552958534e-02
    -1.2058539245092464e-01 -3.4784988891091096e+01
    -5.4345049403602935e+01 3.7426682263521758e+02
    6.7511234130453235e-01 -4.2081233449634110e-02
    -8.4019030388686022e-02 -1.2578704806057002e+02
    -7.3382081400529074e+01 3.4285555119687098e+02
    3.9488350005451905e-01 1.1992152291418814e-01
    -6.1128603557310812e-01 -8.9178865828921502e+01
    -5.3276934038146791e+01 5.8732295624729227e+02
    -4.3865582927655339e-01 -3.6302869018305745e-01
    -1.2611944656155634e+00 -1.0881811419827224e+02
    1.4995440977909574e+01 6.0156494913067161e+02
    -5.7539438397397080e-01 -1.8185071019336044e-01
    -8.2741179790323427e-01 -1.7667825357091741e+02
    1.4249384106207239e+01 4.3831649289528644e+02
    -3.8633644774146725e-01 -4.6188287638878306e-02
    -9.9001565130856206e-01 -1.3273132452218087e+02
    1.7557072643420646e+01 4.0958943702680716e+02
    -3.3013438235051557e-01 -1.4089446462951905e-01
    -1.1676803358032275e+00 -3.6519840998160092e+01
    4.3100954280361819e+01 4.1390832883709783e+02 1.1889925630676090e-01
    2.8288214084681039e-02 1.7587612415925841e-02
    -8.9324889891335914e+01 -7.3006560692782770e+01
    3.4868990612372835e+02 1.4613145348217832e-02 1.8379750710783391e-02
    -1.2613103764410790e-02 -9.4756959814589450e+01
    -9.1895793646786174e+01 3.2954387505225719e+02
    1.3609802214592634e-03 -3.6341084591862458e-02
    -5.0716523172370083e-02 -1.1820331919321752e+02
    -7.1427694707093707e+01 2.8717311454212813e+02
    7.7522819084110989e-02 -2.3129359699260534e-02
    -1.5626379265569659e-02 -1.0408803186108179e+02
    -6.8644757927772432e+01 2.7640955055785878e+02
    2.2129115963765708e-01 8.4721113692301087e-01
    -4.1266761608986660e-03 2.9892431586864671e+01
    -1.0580176575086931e+02 4.6502168457477399e+02
    8.3896780099792012e-02 1.1076114504265682e+00 1.5361139676317492e-01
    1.0315033991814499e+02 -1.2091723612861492e+02
    5.3700146541058132e+02 1.2552603396547954e-01 1.1537008731989831e+00
    1.4907192575025199e-01 9.9142505330920301e+01
    -1.2013454146792606e+02 4.9030727322249157e+02
    1.5022132747124417e-01 9.7642126931723772e-01 8.2870082987048191e-02
    -3.0626422304053751e+01 -1.1822003888829386e+02
    4.8685976892278279e+02 1.7132122168671085e-01 8.4919702868860336e-01
    6.0095923782574862e-02 -1.3819841088419014e+02
    -1.0563632844803020e+02 4.6905020836500586e+02
    1.8082606485636196e-01 9.1119368815666579e-01 5.9415541546575454e-02
    -1.8184652191041209e+02 -1.0496541231638201e+02
    4.7438274293961689e+02 8.1659821048206446e-02 1.1445726356335229e+00
    9.8558555515239676e-02 -1.0277386775173758e+01
    -1.8264064529620669e+02 6.6724520958008668e+02
    1.3604135426230318e-01 -4.3104134323157450e-01
    -1.4539802132880528e-01 -1.5117298836770323e+02
    -9.1603287665823430e+01 4.5718845434493653e+02
    1.2505649497219995e-01 -8.0291709853814275e-01
    -1.5905846258989018e-01 -1.5153959848650487e+02
    -9.3144031489694569e+01 4.2083495092602300e+02
    1.0328154178994459e-01 -6.5705762326704675e-01
    -2.3572090756031200e-01 -2.5659953198776100e+02
    -7.7236470250040313e+01 4.3246844365971259e+02
    1.3069801090561564e-01 -5.8277123959312183e-01
    -2.0334863338643253e-01 -9.4385100500084160e+00
    -7.9776751334333682e+01 4.7312508576677720e+02
    1.1652656367078161e-01 -7.3871605326651169e-01
    -2.2398314950857945e-01 1.0015191734513975e+02
    -6.7849777496045689e+01 4.6914259060666552e+02
